53.909146059606335654734721174464
7.006512680774728885069180250866
6.140249488500386654266094410559
5.603124261457095300897890410852
5.033476968628006531503160658758
5.783259781425788226272288738983
5.955231100559245760450721718371
10.057975337658273673469011555426
5.186691340754091328335562138818
5.754011300827660768675286817597
5.547704424542569512368572759442
5.286314032148188069015759538161
5.583215020271740769430834916420
25.752272014754307605244321166538
71.628474623315142366664076689631
10.472683837345071466984336439054
