729.888084398064279412210453301668
175.615116007633417893885052762926
160.229752904635063259775051847100
150.383108678978345551513484679163
139.616029814404384978843154385686
153.711380930787470333598321303725
156.865000326613682091192458756268
225.847872097132068347491440363228
142.548418224657524433496291749179
153.204002538898095053809811361134
149.319714208031172120172413997352
144.400397706968135480565251782537
150.026464234792939578255754895508
435.121627940837868209200678393245
891.138603825315726680855732411146
232.302595866819956427207216620445
