9.384000000000000341e+00
9.518000000000000682e+00
9.652000000000001023e+00
9.785999999999999588e+00
9.919999999999999929e+00
1.005400000000000027e+01
1.018800000000000061e+01
1.032200000000000095e+01
1.045599999999999952e+01
1.058999999999999986e+01
1.072400000000000020e+01
1.085800000000000054e+01
1.099200000000000088e+01
1.112599999999999945e+01
1.125999999999999979e+01
1.139400000000000013e+01
1.152800000000000047e+01
1.166199999999999903e+01
1.179599999999999937e+01
1.192999999999999972e+01
1.206400000000000006e+01
1.219800000000000040e+01
1.233200000000000074e+01
1.246599999999999930e+01
1.259999999999999964e+01
